# Blocks general parameters
# table/position/velocity/vertexes(clockwise)/angle/static/hard/life/colorRGB/trail

# Board player controlled
{Type="board",Velocity=10.000000}/340,384/0,0/-110,13;-109,-32;92,-37;163,-10;169,15/0.000000/false/true/1.000000/255,0,0/0

# Balls which break blocks
{Type="ball",Size=5.000000,Damage=0.01}/322,228/22,-29//0.000000/false/true/1.000000/0,255,0/0

# Ordinary breakable blocks
{Type="brick"}/439,102/0,0/-153,121;-141,102;-128,85;-86,60;-60,35;1,31;9,34;22,35;66,62;71,84;79,100;97,109;122,109;161,83;204,80;196,29;167,6;128,-20;52,-43;21,-47;-19,-40;-84,-13;-131,21;-200,66;-237,76;-308,77;-313,53;-296,21;-213,-29;-182,-48;-141,-50;-17,-64;37,-83;121,-68;196,-47;241,-1;247,81;261,168;234,185;195,196;111,204;88,204;61,162;45,139;25,109;9,94;-54,108;-78,139;-91,167;-128,171;-168,150/0.000000/true/false/3.000000/0,0,255/0

