# Blocks general parameters
# table/position/velocity/vertexes(clockwise)/angle/static/hard/life/colorRGB/trail

# Board player controlled
{Type="board",Velocity=10.000000}/404,386/0,0/-86,4;-87,-19;-61,-46;92,-58;139,-15;139,12;-86,11/0.000000/false/true/1.000000/255,0,0/0

# Balls which break blocks
{Type="ball",Size=5.00000,Damage=1.100000}/231,163/-12.089617284104,-12.606315541935//-112.000000/false/true/1.000000/0,255,0/0

# Ordinary breakable blocks
{Type="brick"}/406,100/0,0/-92,104;-194,-2;-254,-27;-282,-35;-324,-2;-346,41;-336,68;-280,112;-217,131;-200,154;-195,181;-201,192;-243,207;-297,201;-340,186;-358,170;-369,135;-379,63;-379,37;-349,-28;-322,-43;-287,-52;-256,-60;-174,-58;-135,-48;-108,-34;-103,-12;-101,11;-85,58;-62,125;-70,134;-93,146;-172,114;-187,93;-202,78;-209,67;-220,47;-237,33;-278,19;-281,17;-291,21;-299,39;-298,59;-263,77;-232,94;-208,108;-193,121;-183,129;-174,144;-163,176/0.000000/true/false/100.0000000/0,0,255/0

